1349 0 0 1304 0 1355 0 2658 1244 2611 3888 3824 5147 7763 10549 14007 21041 25614 34798 68780
1 8 6 18 48 104 212 493 1034 2270 4885 11122 24014 52800 117267 258538 540255 805197 241806 12756
2 4 13 13 26 62 132 310 624 1431 3117 6811 14800 33451 74792 165911 366754 382164 62531 3092
1 0 0 2 5 3 19 46 123 279 704 1668 4175 10331 25874 63426 148305 228578 70583 3022
1 0 0 1 6 9 15 71 156 426 1000 2437 5834 14038 33992 81057 175055 199400 42679 1528
1 0 0 0 0 3 5 21 41 133 365 1117 3133 9732 28254 82265 236435 491920 251740 9971
2 3 5 13 30 50 119 237 461 960 2036 4423 9135 19695 41774 88932 170617 192011 49415 2765
2 2 5 15 31 57 152 330 742 1695 3825 8751 19737 45469 101474 212769 346879 290454 78831 3916
4 2 1 7 18 31 90 180 378 918 1920 4211 9143 20337 44896 100669 191585 173170 34293 2002
3 5 3 11 24 39 131 278 644 1556 3523 8242 18717 43144 98332 213160 362714 294237 67265 3108
1 0 1 1 5 8 22 34 118 291 747 1880 4848 12539 32634 84138 191646 210623 40597 2268
3 2 5 12 27 82 177 435 1005 2282 5420 12674 29759 69130 156088 311776 368940 141999 14809 511
2 0 0 0 6 9 25 47 107 289 750 2052 5229 13928 37298 97816 218626 185955 22018 1154
3 7 6 31 52 141 305 679 1756 3868 8552 19433 44019 99164 211679 359995 291981 66498 6248 719
1 1 1 4 19 41 88 184 430 1099 2489 5851 14190 33758 79546 166191 199504 61285 5527 881
1 3 1 3 3 28 60 188 470 1185 3172 8334 22170 58752 149952 337561 413050 112697 6865 641
3 4 5 10 23 62 138 333 796 1720 4059 9226 21949 50597 113848 203672 148948 26534 2312 609
2 0 4 17 32 77 203 493 1233 3046 7763 18713 46722 115934 264246 416273 216157 22029 1909 283
5 3 9 12 45 101 198 493 1140 2556 5834 13362 31561 71248 150647 209054 96087 12169 1412 467
2 5 16 51 97 200 500 1183 2908 6669 16062 38234 90182 202532 369287 319045 62782 4108 1084 189
1 3 6 10 34 91 219 478 1093 2667 6441 15056 37135 90134 183779 214787 68456 3884 619 238
1 0 1 2 7 15 58 149 460 1339 3611 10695 30513 86220 234523 442948 224472 12524 892 146
1 0 7 12 45 110 284 753 2025 5115 13612 35861 95476 237834 405263 258312 20572 1903 732 215
5 7 11 19 52 138 373 813 2098 5063 12365 31615 81490 235986 709217 1052337 549566 68021 715 8
