2 0 3 5 12 17 19 38 59 134 221 407 695 1163 1919 2292 1609 598 191 24
1 0 2 3 3 4 15 34 70 146 344 730 1529 3250 6581 13339 22145 19710 5513 309
2 1 4 4 6 25 54 118 271 538 1199 2544 5412 11644 24986 51596 88348 85500 22066 594
7 2 10 36 49 111 236 496 961 2076 4414 8923 18143 38111 76117 140619 190351 100467 8572 123
3 4 3 5 22 29 115 199 454 1011 2140 4804 10745 23441 50677 105935 186801 171779 31312 345
3 3 5 11 27 76 146 332 720 1396 3085 6514 13880 29176 61021 120050 188283 143860 21040 196
5 8 12 27 61 129 265 577 1105 2236 4490 9068 17783 35312 68931 125993 180223 126130 17264 205
2 4 10 20 39 95 193 490 874 1927 3906 8554 17917 38128 77843 144812 191595 96764 6558 93
5 10 15 16 41 97 187 395 861 1670 3359 7267 14524 30421 62104 119788 184851 143276 20764 173
1 0 0 0 0 12 28 66 135 372 961 2519 6429 16543 42539 106012 214647 183843 15628 89
1 0 1 0 3 13 27 76 161 383 874 2252 5632 13428 32627 77558 165704 220528 69904 652
2 0 3 2 13 23 47 125 259 614 1410 3403 7876 18230 42108 93931 183431 198770 39272 305
2 4 1 14 31 52 101 241 443 1022 2087 4389 9234 19838 41293 84633 155278 191870 76768 2523
2 0 3 7 16 40 70 180 433 900 2114 4848 11042 25211 56055 120659 206228 149783 12166 67
7 6 10 17 44 86 184 359 831 1677 3445 6890 14112 28838 59198 113473 180311 153646 26393 297
1 0 3 2 8 17 37 86 184 501 1190 2828 6635 15936 37513 87546 179050 211505 46472 310
2 0 1 3 11 28 44 99 251 555 1102 2629 5865 13261 29593 64634 134150 209758 121356 6482
1 1 3 10 17 36 79 179 346 827 1791 3867 8530 18992 40251 85085 160786 197754 69602 1667
1 4 0 8 18 35 59 138 271 620 1330 3036 6893 15217 33676 74040 149069 209975 92324 3110
2 2 5 5 22 43 113 179 430 985 2053 4350 9583 20087 43320 89707 162626 190530 63845 1937
2 0 2 3 8 13 44 99 231 504 1229 2778 6630 15420 35874 81813 167973 210167 65377 1657
1 1 9 13 25 47 97 233 459 923 1948 4198 8694 18311 36744 69899 95581 52746 4946 37
1 2 1 3 6 8 26 67 121 293 627 1416 3180 6777 13516 20929 18336 7061 1258 100
1 0 5 3 11 27 24 56 79 165 263 419 746 1176 1673 1868 1451 992 386 63
