-7.9943533 -7.5946355 -7.194918 -6.7952003 -6.3954825 -5.9957647 -5.5960474 -5.1963296 -4.796612 -4.3968945 -3.9971766 -3.597459 -3.1977413 -2.7980237 -2.398306 -1.9985883 -1.5988706 -1.199153 -0.7994353 -0.39971766 0.0
-19.939756 -18.801258 -17.662758 -16.52426 -15.385759 -14.24726 -13.108761 -11.970262 -10.831762 -9.693263 -8.554764 -7.416265 -6.2777658 -5.1392665 -4.000767 -2.862268 -1.7237688 -0.5852696 0.55322963 1.6917288 2.830228
-19.755682 -18.618992 -17.482304 -16.345613 -15.208924 -14.072234 -12.935545 -11.798856 -10.662166 -9.525476 -8.388787 -7.2520976 -6.115408 -4.9787183 -3.8420289 -2.7053394 -1.5686499 -0.43196034 0.70472914 1.8414186 2.9781082
-23.256361 -21.935377 -20.614393 -19.29341 -17.972427 -16.651443 -15.33046 -14.009476 -12.688492 -11.367508 -10.046524 -8.725541 -7.404557 -6.0835733 -4.76259 -3.4416063 -2.1206226 -0.799639 0.52134466 1.8423283 3.163312
-22.326656 -21.041435 -19.756212 -18.470991 -17.18577 -15.900548 -14.615326 -13.330105 -12.044883 -10.759662 -9.47444 -8.189218 -6.9039965 -5.6187744 -4.333553 -3.0483313 -1.7631096 -0.47788793 0.80733377 2.0925555 3.377777
-27.691954 -26.127499 -24.563042 -22.998587 -21.434132 -19.869677 -18.30522 -16.740765 -15.17631 -13.611854 -12.047399 -10.482943 -8.918488 -7.3540316 -5.789576 -4.2251205 -2.660665 -1.0962096 0.46824592 2.0327015 3.597157
-18.845304 -17.76396 -16.682613 -15.601269 -14.519923 -13.438578 -12.357233 -11.2758875 -10.194542 -9.113196 -8.031851 -6.950506 -5.8691607 -4.787815 -3.70647 -2.6251247 -1.5437794 -0.46243405 0.61891127 1.7002566 2.781602
-20.072222 -18.885857 -17.699493 -16.513128 -15.326765 -14.140401 -12.954037 -11.767673 -10.581308 -9.394944 -8.20858 -7.0222154 -5.835851 -4.649487 -3.4631228 -2.2767587 -1.0903944 0.09596981 1.282334 2.4686983 3.6550624
-19.841301 -18.694305 -17.54731 -16.400314 -15.253318 -14.106322 -12.959327 -11.812331 -10.665336 -9.518339 -8.371344 -7.224348 -6.0773525 -4.9303565 -3.783361 -2.6363654 -1.4893696 -0.34237388 0.8046218 1.9516176 3.0986133
-20.275486 -19.071156 -17.866827 -16.662497 -15.458167 -14.253837 -13.049507 -11.845178 -10.640848 -9.436518 -8.232188 -7.0278583 -5.8235283 -4.619199 -3.4148688 -2.210539 -1.0062094 0.19812042 1.4024502 2.60678 3.8111098
-23.850567 -22.486397 -21.122229 -19.758059 -18.39389 -17.02972 -15.665551 -14.301382 -12.937212 -11.573043 -10.208874 -8.844705 -7.480535 -6.1163654 -4.7521963 -3.388027 -2.0238576 -0.65968835 0.70448095 2.0686502 3.4328196
-20.09311 -18.86601 -17.638914 -16.411816 -15.184719 -13.957622 -12.730524 -11.503427 -10.276329 -9.049232 -7.8221335 -6.595036 -5.3679385 -4.140841 -2.9137433 -1.6866457 -0.45954818 0.7675494 1.9946469 3.2217445 4.448842
-24.125834 -22.73155 -21.337267 -19.942984 -18.548702 -17.154419 -15.760136 -14.365852 -12.971569 -11.577286 -10.183002 -8.78872 -7.394437 -6.0001535 -4.6058707 -3.2115877 -1.8173046 -0.42302155 0.9712615 2.3655446 3.7598276
-18.912537 -17.728344 -16.544151 -15.359958 -14.175765 -12.991571 -11.807379 -10.623186 -9.4389925 -8.2548 -7.070607 -5.886414 -4.702221 -3.518028 -2.3338351 -1.1496421 0.034550857 1.2187438 2.4029367 3.5871298 4.7713227
-20.970322 -19.712456 -18.454588 -17.196722 -15.938854 -14.680987 -13.4231205 -12.165254 -10.907387 -9.64952 -8.391653 -7.1337867 -5.87592 -4.618053 -3.3601863 -2.1023195 -0.8444527 0.41341415 1.671281 2.9291477 4.1870146
-22.830074 -21.431799 -20.033524 -18.635248 -17.236973 -15.838698 -14.440423 -13.042148 -11.643872 -10.245598 -8.847322 -7.449047 -6.0507717 -4.652497 -3.2542214 -1.8559462 -0.457671 0.9406042 2.3388793 3.7371547 5.13543
-19.779694 -18.56868 -17.357666 -16.146652 -14.935637 -13.724624 -12.51361 -11.302596 -10.091581 -8.880568 -7.6695538 -6.45854 -5.2475257 -4.036512 -2.8254979 -1.6144838 -0.40346986 0.8075441 2.018558 3.229572 4.440586
-20.54057 -19.225245 -17.909922 -16.594597 -15.279274 -13.96395 -12.648626 -11.3333025 -10.017979 -8.702655 -7.387331 -6.0720067 -4.756683 -3.4413593 -2.1260355 -0.8107115 0.5046123 1.8199362 3.13526 4.450584 5.765908
-19.061808 -17.877127 -16.692444 -15.507762 -14.32308 -13.138398 -11.953716 -10.769035 -9.584353 -8.399672 -7.2149897 -6.030308 -4.845626 -3.660944 -2.476262 -1.2915803 -0.1068985 1.0777833 2.2624652 3.447147 4.631829
-18.552917 -17.306416 -16.059914 -14.813411 -13.566908 -12.320406 -11.073904 -9.827401 -8.580899 -7.334397 -6.0878944 -4.841392 -3.5948899 -2.3483875 -1.1018852 0.14461708 1.3911194 2.6376216 3.884124 5.130626 6.3771286
-19.970158 -18.723473 -17.476786 -16.2301 -14.983414 -13.736728 -12.490042 -11.243356 -9.99667 -8.749984 -7.5032983 -6.2566123 -5.0099263 -3.7632406 -2.5165546 -1.2698686 -0.023182679 1.2235032 2.470189 3.716875 4.963561
-23.678072 -22.1533 -20.628529 -19.103756 -17.578983 -16.05421 -14.529439 -13.004667 -11.479895 -9.955123 -8.430351 -6.9055786 -5.3808064 -3.8560345 -2.3312624 -0.8064902 0.7182819 2.2430542 3.767826 5.2925982 6.8173704
-21.459932 -20.07533 -18.69073 -17.306126 -15.921525 -14.536922 -13.152321 -11.767719 -10.383117 -8.998515 -7.613913 -6.229311 -4.8447094 -3.4601073 -2.0755053 -0.6909034 0.6936985 2.0783005 3.4629023 4.847504 6.232106
-22.693113 -21.40709 -20.121063 -18.83504 -17.549013 -16.262989 -14.976964 -13.690939 -12.404914 -11.118889 -9.832864 -8.54684 -7.260814 -5.9747896 -4.6887646 -3.4027395 -2.1167147 -0.8306897 0.45533517 1.7413601 3.027385
