-16.955824 -16.12431 -15.292796 -14.461283 -13.629769 -12.798255 -11.966742 -11.135228 -10.303714 -9.4722 -8.640687 -7.809173 -6.977659 -6.1461453 -5.3146315 -4.483118 -3.6516042 -2.8200905 -1.9885768 -1.157063 -0.3255493
-22.281792 -21.19648 -20.111168 -19.025856 -17.940544 -16.855232 -15.769919 -14.6846075 -13.599296 -12.513983 -11.428671 -10.343359 -9.258047 -8.172735 -7.087423 -6.002111 -4.9167986 -3.8314867 -2.7461746 -1.6608624 -0.57555044
-22.800913 -21.68509 -20.569265 -19.453442 -18.337618 -17.221794 -16.10597 -14.990147 -13.874323 -12.758499 -11.642675 -10.526852 -9.411028 -8.295203 -7.17938 -6.063556 -4.9477324 -3.8319085 -2.7160847 -1.600261 -0.4844372
-20.995022 -19.948042 -18.90106 -17.85408 -16.807098 -15.7601185 -14.713138 -13.666157 -12.619177 -11.572196 -10.525215 -9.478234 -8.431253 -7.384273 -6.337292 -5.290312 -4.243331 -3.1963503 -2.1493697 -1.1023891 -0.05540839
-22.988026 -21.853226 -20.718424 -19.583624 -18.448822 -17.314022 -16.17922 -15.044419 -13.909618 -12.774817 -11.640017 -10.505217 -9.370416 -8.235615 -7.1008134 -5.966013 -4.831212 -3.696411 -2.5616102 -1.4268093 -0.2920084
-21.96257 -20.87736 -19.792149 -18.706938 -17.621727 -16.536516 -15.451306 -14.366096 -13.280885 -12.195674 -11.110463 -10.025252 -8.9400425 -7.854831 -6.769621 -5.68441 -4.5991993 -3.5139887 -2.428778 -1.3435673 -0.2583566
-20.268417 -19.272926 -18.277435 -17.281944 -16.286453 -15.290962 -14.295471 -13.29998 -12.304488 -11.308997 -10.313506 -9.318015 -8.322524 -7.327033 -6.331542 -5.336051 -4.34056 -3.345069 -2.3495777 -1.3540866 -0.35859558
-21.520042 -20.437132 -19.354223 -18.271313 -17.188404 -16.105494 -15.022584 -13.939674 -12.856765 -11.773854 -10.690945 -9.608035 -8.5251255 -7.4422154 -6.359306 -5.2763963 -4.193486 -3.1105766 -2.0276668 -0.94475704 0.13815272
-21.309296 -20.258848 -19.208403 -18.157955 -17.10751 -16.057062 -15.006617 -13.95617 -12.905723 -11.855276 -10.80483 -9.754383 -8.703937 -7.65349 -6.6030436 -5.552597 -4.5021505 -3.451704 -2.4012573 -1.3508108 -0.30036423
-26.881947 -25.517368 -24.15279 -22.78821 -21.423632 -20.059053 -18.694475 -17.329895 -15.965317 -14.600739 -13.236159 -11.871581 -10.507002 -9.142424 -7.7778444 -6.4132657 -5.048687 -3.6841085 -2.3195298 -0.95495105 0.40962765
-25.979229 -24.695244 -23.411259 -22.127275 -20.84329 -19.559305 -18.27532 -16.991335 -15.707351 -14.423366 -13.13938 -11.855396 -10.571411 -9.287426 -8.003442 -6.7194567 -5.435472 -4.1514874 -2.8675025 -1.5835176 -0.29953277
-24.474443 -23.261892 -22.04934 -20.836788 -19.624237 -18.411684 -17.199133 -15.986581 -14.774029 -13.561477 -12.348926 -11.1363735 -9.923821 -8.711269 -7.498718 -6.286166 -5.073614 -3.8610623 -2.6485107 -1.4359587 -0.22340693
-22.264658 -21.191525 -20.118391 -19.045258 -17.972124 -16.89899 -15.825857 -14.752723 -13.679589 -12.606456 -11.533322 -10.460189 -9.387055 -8.313922 -7.2407885 -6.167655 -5.0945215 -4.0213876 -2.948254 -1.8751206 -0.8019871
-23.712067 -22.52079 -21.329514 -20.138239 -18.946962 -17.755686 -16.56441 -15.373134 -14.181858 -12.9905815 -11.799305 -10.608029 -9.416753 -8.225477 -7.0342007 -5.8429246 -4.6516485 -3.4603724 -2.2690964 -1.0778203 0.11345588
-21.238695 -20.196878 -19.155062 -18.113247 -17.07143 -16.029613 -14.987797 -13.945981 -12.904164 -11.862349 -10.820532 -9.778715 -8.736899 -7.6950827 -6.6532664 -5.61145 -4.569634 -3.5278175 -2.4860013 -1.4441849 -0.40236852
-25.340002 -24.083046 -22.826088 -21.569132 -20.312174 -19.055218 -17.79826 -16.541304 -15.284347 -14.02739 -12.770432 -11.513475 -10.256518 -8.999561 -7.7426043 -6.485647 -5.22869 -3.9717333 -2.7147763 -1.4578193 -0.2008624
-24.185602 -23.02188 -21.858154 -20.694431 -19.530708 -18.366985 -17.203262 -16.039537 -14.875814 -13.712091 -12.5483675 -11.384644 -10.220921 -9.057198 -7.8934736 -6.72975 -5.5660267 -4.402303 -3.2385798 -2.0748563 -0.9111328
-23.129671 -22.006128 -20.882584 -19.75904 -18.635496 -17.511953 -16.388409 -15.264865 -14.141321 -13.017777 -11.894234 -10.77069 -9.647146 -8.5236025 -7.400059 -6.2765155 -5.1529717 -4.029428 -2.905884 -1.7823404 -0.65879667
-23.908592 -22.749485 -21.59038 -20.431273 -19.272167 -18.11306 -16.953953 -15.7948475 -14.63574 -13.476634 -12.317528 -11.1584215 -9.999315 -8.840208 -7.681102 -6.5219955 -5.362889 -4.2037826 -3.044676 -1.8855697 -0.7264632
-22.697453 -21.595783 -20.494112 -19.392443 -18.290771 -17.189102 -16.087431 -14.985762 -13.884091 -12.782421 -11.680752 -10.579082 -9.477411 -8.375741 -7.2740707 -6.172401 -5.0707307 -3.9690607 -2.8673904 -1.7657204 -0.6640502
-25.009926 -23.779129 -22.548332 -21.317537 -20.08674 -18.855944 -17.625147 -16.394352 -15.163555 -13.932758 -12.7019615 -11.471166 -10.240369 -9.009573 -7.778776 -6.54798 -5.3171835 -4.086387 -2.8555908 -1.6247944 -0.39399803
-21.389292 -20.319714 -19.250134 -18.180555 -17.110977 -16.041397 -14.971819 -13.90224 -12.832661 -11.763082 -10.693503 -9.623924 -8.554345 -7.4847665 -6.4151874 -5.3456087 -4.2760296 -3.206451 -2.136872 -1.0672932 0.0022857296
-22.298956 -21.146557 -19.994158 -18.841759 -17.68936 -16.53696 -15.384561 -14.2321615 -13.079762 -11.927363 -10.774964 -9.622565 -8.470166 -7.3177667 -6.1653676 -5.012968 -3.860569 -2.70817 -1.5557708 -0.40337157 0.7490276
-17.638254 -16.844477 -16.0507 -15.256923 -14.463145 -13.669368 -12.87559 -12.081813 -11.288036 -10.494259 -9.700481 -8.906704 -8.1129265 -7.3191495 -6.525372 -5.731595 -4.9378176 -4.14404 -3.350263 -2.5564857 -1.7627084
