-27.691953775892618 -23.86125886619251 -20.030563956492408 -16.1998690467923 -12.369174137092196 -8.538479227392092 -4.707784317691985 -0.8770894079918818 2.953605501708225 6.784300411408328 10.614995321108431
-26.63158292852885 -22.898384368151124 -19.165185807773394 -15.431987247395668 -11.69878868701794 -7.965590126640212 -4.232391566262486 -0.4991930058847558 3.2340055544929704 6.967204114870697 10.700402675248426
-25.73055681383745 -22.089830117559593 -18.449103421281734 -14.808376725003878 -11.167650028726023 -7.526923332448167 -3.8861966361703075 -0.2454699398924518 3.395256756385404 7.035983452663263 10.676710148941117
-24.753605285780584 -21.147997389176865 -17.54238949257315 -13.936781595969432 -10.331173699365714 -6.725565802761995 -3.1199579061582803 0.4856499904454381 4.0912578870491565 7.696865783652871 11.302473680256591
-25.67807190511264 -22.040466193434057 -18.40286048175547 -14.76525477007689 -11.127649058398307 -7.490043346719723 -3.8524376350411416 -0.2148319233625564 3.422773788316025 7.06037949999461 10.697985211673188
-25.37333858136255 -21.723256150151876 -18.073173718941202 -14.423091287730529 -10.773008856519855 -7.122926425309181 -3.4728439940985076 0.17723843711216603 3.8273208683228397 7.477403299533517 11.127485730744189
-23.91253715874966 -20.376349595457086 -16.840162032164514 -13.303974468871939 -9.767786905579364 -6.231599342286788 -2.6954117789942167 0.8407757842983585 4.376963347590934 7.913150910883509 11.44933847417608
-25.752760726124055 -22.068130243482784 -18.383499760841516 -14.698869278200245 -11.014238795558976 -7.329608312917706 -3.644977830276435 0.03965265236483262 3.724283135006104 7.408913617647375 11.093544100288643
-27.0 -23.221829641219035 -19.44365928243807 -15.665488923657104 -11.88731856487614 -8.109148206095174 -4.330977847314209 -0.5528074885332437 3.2253628702477215 7.00353322902869 10.78170358780965
-23.962351840661313 -20.45134020482415 -16.940328568986985 -13.42931693314982 -9.918305297312656 -6.407293661475492 -2.896282025638328 0.614729610198836 4.125741246036 7.636752881873164 11.147764517710325
-27.0 -23.217293820779055 -19.43458764155811 -15.651881462337169 -11.869175283116224 -8.08646910389528 -4.303762924674338 -0.521056745453393 3.261649433767552 7.044355612988497 10.827061792209442
-26.0 -22.28118005508019 -18.562360110160377 -14.843540165240562 -11.12472022032075 -7.405900275400938 -3.6870803304811233 0.031739614438688335 3.7505595593585 7.469379504278315 11.188199449198121
-24.576676312696318 -21.034426726424766 -17.49217714015321 -13.949927553881658 -10.407677967610105 -6.865428381338553 -3.3231787950669975 0.21907079120455464 3.761320377476107 7.303569963747659 10.84581955001921
-26.059636393791607 -22.346992833760535 -18.634349273729462 -14.921705713698387 -11.209062153667315 -7.496418593636243 -3.783775033605167 -0.07113147357409488 3.641512086456977 7.354155646488053 11.06679920651912
-25.700021216070702 -22.017359217331045 -18.334697218591387 -14.652035219851726 -10.969373221112068 -7.286711222372411 -3.6040492236327495 0.07861277510690812 3.7612747738465657 7.443936772586227 11.12659877132588
-26.0 -22.293764335519903 -18.587528671039802 -14.881293006559705 -11.175057342079606 -7.468821677599507 -3.76258601311941 -0.056350348639309544 3.6498853158407876 7.356120980320888 11.062356644800985
-24.0 -20.502059225006718 -17.004118450013433 -13.506177675020151 -10.008236900026867 -6.510296125033584 -3.012355350040302 0.4855854249529834 3.9835261999462652 7.481466974939547 10.979407749932834
-27.55145363119543 -23.739012472961566 -19.926571314727703 -16.11413015649384 -12.301688998259976 -8.489247840026113 -4.67680668179225 -0.8643655235583871 2.948075634675476 6.760516792909343 10.5729579511432
-25.84122438018862 -22.133246890312005 -18.42526940043539 -14.717291910558771 -11.009314420682156 -7.30133693080554 -3.5933594409289213 0.114618048947694 3.8225955388243094 7.530573028700928 11.23855051857754
-27.727925702730825 -23.87332709411998 -20.01872848550913 -16.164129876898283 -12.309531268287436 -8.45493265967659 -4.60033405106574 -0.7457354424548939 3.1088631661559525 6.963461774766802 10.818060383377643
-24.67807190511264 -21.09995681233866 -17.521841719564687 -13.94372662679071 -10.365611534016734 -6.787496441242759 -3.2093813484687814 0.36873374430519235 3.9468488370791697 7.524963929853143 11.103079022627117
-25.0 -21.395385318131286 -17.790770636262575 -14.186155954393861 -10.581541272525149 -6.976926590656436 -3.3723119087877222 0.23230277308098835 3.8369174549497025 7.441532136818417 11.046146818687125
-26.415037499278842 -22.63159335198536 -18.84814920469188 -15.064705057398395 -11.281260910104912 -7.4978167628114285 -3.7143726155179486 0.06907153177553482 3.8525156790690183 7.635959826362498 11.419403973655989
-25.340121773161517 -21.70377468340211 -18.067427593642698 -14.43108050388329 -10.794733414123883 -7.158386324364475 -3.5220392346050637 0.11430785515434394 3.7506549449137516 7.387002034673163 11.023349124432565
-25.415037499278842 -21.756724630418205 -18.098411761557568 -14.44009889269693 -10.781786023836293 -7.123473154975656 -3.465160286115019 0.19315258274561842 3.8514654516062556 7.509778320466889 11.16809118932753
-25.824131308658743 -22.132964221422288 -18.441797134185833 -14.750630046949382 -11.059462959712928 -7.368295872476473 -3.677128785240022 0.014038301996432523 3.705205389232887 7.396372476469338 11.087539563705793
-25.0 -21.409119355204403 -17.81823871040881 -14.227358065613213 -10.636477420817618 -7.045596776022023 -3.4547161312264265 0.1361645135691667 3.7270451583647635 7.317925803160357 10.908806447955957
-27.051983070667994 -23.25453719339728 -19.457091316126565 -15.659645438855847 -11.862199561585133 -8.064753684314418 -4.2673078070437 -0.4698619297729856 3.327583947497729 7.125029824768447 10.922475702039158
-25.048590145460537 -21.469513594102136 -17.890437042743734 -14.311360491385333 -10.732283940026932 -7.15320738866853 -3.574130837310129 0.004945714048272265 3.5840222654066736 7.163098816765071 10.742175368123474
-26.0 -22.309225662253397 -18.618451324506793 -14.927676986760194 -11.23690264901359 -7.546128311266987 -3.855353973520387 -0.16457963577378365 3.5261947019728197 7.216969039719423 10.907743377466028
-27.77096705796197 -23.923549125146103 -20.076131192330237 -16.228713259514368 -12.381295326698503 -8.533877393882637 -4.686459461066768 -0.8390415282509025 3.008376404564963 6.8557943373808286 10.703212270196694
-26.99797855690238 -23.173335025127002 -19.348691493351623 -15.524047961576247 -11.69940442980087 -7.874760898025492 -4.050117366250117 -0.22547383447473734 3.5991696973006384 7.423813229076014 11.248456760851393
-27.345515399260623 -23.495858937297704 -19.646202475334782 -15.796546013371863 -11.946889551408942 -8.097233089446021 -4.247576627483102 -0.39792016552017984 3.451736296442739 7.301392758405658 11.151049220368582
-26.0 -22.290942152899113 -18.581884305798226 -14.87282645869734 -11.163768611596453 -7.454710764495566 -3.745652917394679 -0.036595070293792276 3.6724627768070945 7.381520623907981 11.090578471008865
-25.809145383121944 -22.09743511332185 -18.38572484352176 -14.674014573721667 -10.962304303921576 -7.250594034121484 -3.5388837643213904 0.1728265054786995 3.884536775278793 7.596247045078883 11.307957314878976
-26.859775432853915 -23.077848584572486 -19.295921736291056 -15.513994888009623 -11.732068039728194 -7.950141191446765 -4.168214343165332 -0.3862874948839021 3.3956393533975273 7.177566201678957 10.959493049960386
-25.575858833384586 -21.91327154833364 -18.25068426328269 -14.588096978231743 -10.925509693180794 -7.262922408129846 -3.6003351230788994 0.06225216197205086 3.7248394470229975 7.387426732073948 11.05001401712489
-25.72991730487231 -22.073632961981573 -18.41734861909084 -14.761064276200106 -11.104779933309372 -7.448495590418638 -3.792211247527902 -0.13592690463717005 3.5203574382535656 7.176641781144298 10.832926124035035
-27.0 -23.185018389530107 -19.37003677906021 -15.555055168590318 -11.740073558120423 -7.925091947650529 -4.110110337180636 -0.29512872671073964 3.519852883759153 7.3348344942290495 11.14981610469894
-28.67807190511264 -24.75269929589392 -20.827326686675196 -16.901954077456477 -12.976581468237756 -9.051208859019034 -5.125836249800315 -1.2004636405815923 2.724908968637127 6.65028157785585 10.575654187074573
-25.552281478694315 -21.873138714294672 -18.193995949895026 -14.514853185495383 -10.83571042109574 -7.156567656696097 -3.477424892296451 0.2017178721031918 3.8808606365028346 7.5600034009024775 11.239146165302122
-24.0 -20.51757514089456 -17.03515028178912 -13.552725422683682 -10.070300563578243 -6.587875704472804 -3.105450845367365 0.3769740137380744 3.8593988728435136 7.341823731948953 10.824248591054394
-27.227370999359813 -23.386421277160494 -19.54547155496118 -15.70452183276186 -11.863572110562542 -8.022622388363224 -4.181672666163905 -0.3407229439645896 3.5002267782347296 7.341176500434045 11.18212622263336
-24.363600070247916 -20.846545852759252 -17.329491635270593 -13.81243741778193 -10.295383200293266 -6.778328982804602 -3.2612747653159424 0.255779452172721 3.7728336696613844 7.289887887150048 10.806942104638711
-27.010476000408985 -23.216578388111277 -19.422680775813568 -15.628783163515862 -11.834885551218154 -8.040987938920445 -4.2470903266227396 -0.4531927143250307 3.340704897972678 7.134602510270383 10.928500122568098
-25.476438043942988 -21.874685121710787 -18.272932199478586 -14.671179277246384 -11.069426355014183 -7.467673432781982 -3.865920510549781 -0.26416758831758 3.337585333914621 6.939338256146822 10.54109117837902
-25.0 -21.39526162737813 -17.79052325475626 -14.185784882134385 -10.581046509512515 -6.976308136890644 -3.37156976426877 0.23316860835310038 3.837906980974971 7.442645353596845 11.047383726218708
-25.49859404597628 -21.862496889424104 -18.22639973287193 -14.590302576319754 -10.954205419767579 -7.318108263215404 -3.6820111066632286 -0.04591395011105348 3.5901832064411217 7.226280362993297 10.862377519545472
-26.096492207210034 -22.318504487065344 -18.54051676692065 -14.76252904677596 -10.984541326631268 -7.206553606486576 -3.428565886341886 0.34942183380280767 4.127409553947498 7.905397274092188 11.683384994236881
-24.867499015243418 -21.307893242423336 -17.748287469603255 -14.188681696783178 -10.629075923963097 -7.069470151143015 -3.5098643783229377 0.04974139449714343 3.6093471673172246 7.168952940137302 10.728558712957387
