1 69 725 10529 151822 2323101 21795413 22160767 1014813 2297
9 111 1337 17174 230636 3640612 24714323 18183191 719189 2821
18 164 1883 25368 318005 4547421 26453504 15655850 540727 2210
49 348 4062 51988 648786 9732539 28809415 8060533 155711 1314
13 192 2249 27877 355669 5282874 26374036 14879273 520411 1968
16 254 2843 37667 473945 6780224 28872655 10984769 248167 1049
60 570 7139 83266 994718 13911781 27093768 5430203 99037 1643
19 205 2579 32714 436128 6930621 28695757 11045387 309248 1820
6 98 1085 15621 214373 3339311 24726633 18475024 708588 2328
35 432 4891 55393 660339 9514645 29364672 7645112 153420 1037
13 87 1215 16731 229957 3566916 24511292 18434322 655227 2478
13 161 2056 25522 346482 6228494 28530032 11978024 300638 1188
27 306 4055 45826 550213 7194022 28204977 11052987 291566 1362
17 121 1693 22360 298239 5019103 26385935 15314600 396650 1235
21 194 2368 31154 418609 6513468 28756856 11512168 275206 1241
11 181 2047 27443 364395 5527312 28246346 12951991 329512 1424
41 382 4946 56287 653686 9249776 29107885 8197001 192671 1427
7 61 860 11995 170937 2645885 22235626 21275512 1083196 2605
10 182 2736 34926 463170 7041560 27961612 11606435 248419 1167
3 55 1000 13916 202071 3188182 22350063 20933965 787081 2260
26 343 3960 47580 574850 8328970 28952038 9335990 192449 1314
16 283 3527 43067 534253 8017143 28325158 10257731 247392 1269
15 135 2129 29200 408750 7532409 28537924 10819636 225859 1241
24 286 2788 36952 466141 7141775 28320435 11226574 285548 1394
21 249 2971 36485 474928 7227376 28644609 10803990 244322 937
20 173 2510 32085 428053 6482790 27789644 12278162 312309 1164
29 201 3202 37273 452838 6462142 28413898 11851378 310284 1650
14 77 1232 17153 234753 3799875 26150186 16661825 616098 1955
19 277 3431 41440 498794 7115027 28325853 11160707 376749 2276
11 166 2352 30981 409502 6911302 29236682 10637768 367521 2380
4 34 750 10519 151050 2421462 23251513 20816548 901046 2401
9 98 1405 19362 275016 4714363 26828140 15109293 385835 1132
12 92 1161 17677 253902 4767610 27289432 14586984 454542 2091
17 141 2095 28077 372526 5872906 28146702 12592509 351007 1266
19 163 2267 30526 408741 7486266 29524882 9740199 228409 1457
8 89 1409 19792 273500 4245799 26158348 16194492 509280 1484
13 210 2513 31037 403043 5685925 27648443 13247560 311275 1197
15 175 2395 28936 371407 5195256 26959308 14394286 455118 1808
4 111 1455 21666 303917 5658588 25966235 15043763 441421 2613
1 25 559 7900 118590 1932079 19950441 24196904 1334120 4380
18 227 2897 37270 491122 8074172 28209654 10296629 235716 1297
41 475 5293 58753 674994 9331649 27738147 9423221 240034 2238
5 93 1342 19027 275569 4725604 26984373 14973508 426737 1393
36 386 4623 51590 606247 8207648 27618440 10674974 286957 2233
14 105 1357 18234 253239 4096911 24933673 17599344 544891 1811
21 176 2264 27070 332786 4824963 27386031 14496744 518339 2767
15 305 3414 43522 541973 8376238 29166192 9169283 241053 1320
16 228 2577 33174 412350 5738002 27886346 12987898 355400 1730
18 222 2957 40179 559540 9864117 28484342 8401520 144032 1091
28 292 3215 38147 464435 6596831 28025833 11930631 407589 2009
